0.000439453	-0.000439453
-----------------------------------
0	2

0	0
0	0
-----------------------------------
0	0
0	0
-----------------------------------
0	0
0	0
-----------------------------------
0	0
0	1
0	0
0	1
-----------------------------------
-5	-0.000109863	0.000109863
0.000434453	-0.000434453
-----------------------------------
0	1

0	0
0	0
-----------------------------------
0	0
0	0
-----------------------------------
0	0
0	0
-----------------------------------
0	0
0	0
0	1
0	1
-----------------------------------
-3	0.000104863	-0.000104863
0.000429453	-0.000429453
-----------------------------------
0	1

0	0
0	0
-----------------------------------
0	0
0	0
-----------------------------------
0	0
0	0
-----------------------------------
0	0
0	0
0	1
0	1
-----------------------------------
-3	9.98633e-05	-9.98633e-05
0.000424453	-0.000424453
-----------------------------------
0	1

0	0
0	0
-----------------------------------
0	0
0	0
-----------------------------------
0	0
0	0
-----------------------------------
0	0
0	0
0	1
0	1
-----------------------------------
-3	9.48633e-05	-9.48633e-05
0.000419453	-0.000419453
-----------------------------------
0	1

0	0
0	0
-----------------------------------
0	0
0	0
-----------------------------------
0	0
0	0
-----------------------------------
0	0
0	0
0	1
0	1
-----------------------------------
-3	8.98633e-05	-8.98633e-05
0.000414453	-0.000414453
-----------------------------------
0	1

0	0
0	0
-----------------------------------
0	0
0	0
-----------------------------------
0	0
0	0
-----------------------------------
0	0
0	0
0	1
0	1
-----------------------------------
-3	8.48633e-05	-8.48633e-05
0.000409453	-0.000409453
-----------------------------------
0	1

0	0
0	0
-----------------------------------
0	0
0	0
-----------------------------------
0	0
0	0
-----------------------------------
0	0
0	0
0	1
0	1
-----------------------------------
-3	7.98633e-05	-7.98633e-05
0.000404453	-0.000404453
-----------------------------------
0	1

0	0
0	0
-----------------------------------
0	0
0	0
-----------------------------------
0	0
0	0
-----------------------------------
0	0
0	0
0	1
0	1
-----------------------------------
-3	7.48633e-05	-7.48633e-05
0.000399453	-0.000399453
-----------------------------------
0	1

0	0
0	0
-----------------------------------
0	0
0	0
-----------------------------------
0	0
0	0
-----------------------------------
0	0
0	0
0	1
0	1
-----------------------------------
-3	6.98633e-05	-6.98633e-05
0.000394453	-0.000394453
-----------------------------------
0	1

0	0
0	0
-----------------------------------
0	0
0	0
-----------------------------------
0	0
0	0
-----------------------------------
0	0
0	0
0	1
0	1
-----------------------------------
-3	6.48633e-05	-6.48633e-05
0.000389453	-0.000389453
-----------------------------------
0	1

0	0
0	0
-----------------------------------
0	0
0	0
-----------------------------------
0	0
0	0
-----------------------------------
0	0
0	0
0	1
0	1
-----------------------------------
-3	5.98633e-05	-5.98633e-05
0.000384453	-0.000384453
-----------------------------------
0	1

0	0
0	0
-----------------------------------
0	0
0	0
-----------------------------------
0	0
0	0
-----------------------------------
0	0
0	0
0	1
0	1
-----------------------------------
-3	5.48633e-05	-5.48633e-05
0.000379453	-0.000379453
-----------------------------------
0	1

0	0
0	0
-----------------------------------
0	0
0	0
-----------------------------------
0	0
0	0
-----------------------------------
0	0
0	0
0	1
0	1
-----------------------------------
-3	4.98633e-05	-4.98633e-05
0.000374453	-0.000374453
-----------------------------------
0	1

0	0
0	0
-----------------------------------
0	0
0	0
-----------------------------------
0	0
0	0
-----------------------------------
0	0
0	0
0	1
0	1
-----------------------------------
-3	4.48633e-05	-4.48633e-05
0.000369453	-0.000369453
-----------------------------------
0	1

0	0
0	0
-----------------------------------
0	0
0	0
-----------------------------------
0	0
0	0
-----------------------------------
0	0
0	0
0	1
0	1
-----------------------------------
-3	3.98633e-05	-3.98633e-05
0.000364453	-0.000364453
-----------------------------------
0	1

0	0
0	0
-----------------------------------
0	0
0	0
-----------------------------------
0	0
0	0
-----------------------------------
0	0
0	0
0	1
0	1
-----------------------------------
-3	3.48633e-05	-3.48633e-05
0.000359453	-0.000359453
-----------------------------------
0	1

0	0
0	0
-----------------------------------
0	0
0	0
-----------------------------------
0	0
0	0
-----------------------------------
0	0
0	0
0	1
0	1
-----------------------------------
-3	2.98633e-05	-2.98633e-05
0.000354453	-0.000354453
-----------------------------------
0	1

0	0
0	0
-----------------------------------
0	0
0	0
-----------------------------------
0	0
0	0
-----------------------------------
0	0
0	0
0	1
0	1
-----------------------------------
-3	2.48633e-05	-2.48633e-05
0.000349453	-0.000349453
-----------------------------------
0	1

0	0
0	0
-----------------------------------
0	0
0	0
-----------------------------------
0	0
0	0
-----------------------------------
0	0
0	0
0	1
0	1
-----------------------------------
-3	1.98633e-05	-1.98633e-05
0.000344453	-0.000344453
-----------------------------------
0	1

0	0
0	0
-----------------------------------
0	0
0	0
-----------------------------------
0	0
0	0
-----------------------------------
0	0
0	0
0	1
0	1
-----------------------------------
-3	1.48633e-05	-1.48633e-05
0.000339453	-0.000339453
-----------------------------------
0	1

0	0
0	0
-----------------------------------
0	0
0	0
-----------------------------------
0	0
0	0
-----------------------------------
0	0
0	0
0	1
0	1
-----------------------------------
-3	9.86328e-06	-9.86328e-06
0.000334453	-0.000334453
-----------------------------------
0	1

0	0
0	0
-----------------------------------
0	0
0	0
-----------------------------------
0	0
0	0
-----------------------------------
0	0
0	0
0	1
0	1
-----------------------------------
-3	4.86328e-06	-4.86328e-06
0.000329453	-0.000329453
-----------------------------------
0	1

0	0
0	0
-----------------------------------
0	0
0	0
-----------------------------------
0	0
0	0
-----------------------------------
0	0
0	0
0	1
0	1
-----------------------------------
-3	-1.36719e-07	1.36719e-07
0.000324453	-0.000324453
-----------------------------------
0	1

0	0
0	0
-----------------------------------
0	0
0	0
-----------------------------------
0	0
0	0
-----------------------------------
0	0
0	0
0	1
0	1
-----------------------------------
-3	-5.13672e-06	5.13672e-06
0.000319453	-0.000319453
-----------------------------------
0	1

0	0
0	0
-----------------------------------
0	0
0	0
-----------------------------------
0	0
0	0
-----------------------------------
0	0
0	0
0	1
0	1
-----------------------------------
-3	-1.01367e-05	1.01367e-05
0.000314453	-0.000314453
-----------------------------------
0	1

0	0
0	0
-----------------------------------
0	0
0	0
-----------------------------------
0	0
0	0
-----------------------------------
0	0
0	0
0	1
0	1
-----------------------------------
-3	-1.51367e-05	1.51367e-05
0.000309453	-0.000309453
-----------------------------------
0	1

0	0
0	0
-----------------------------------
0	0
0	0
-----------------------------------
0	0
0	0
-----------------------------------
0	0
0	0
0	1
0	1
-----------------------------------
-3	-2.01367e-05	2.01367e-05
0.000304453	-0.000304453
-----------------------------------
0	1

0	0
0	0
-----------------------------------
0	0
0	0
-----------------------------------
0	0
0	0
-----------------------------------
0	0
0	0
0	1
0	1
-----------------------------------
-3	-2.51367e-05	2.51367e-05
0.000299453	-0.000299453
-----------------------------------
0	1

0	0
0	0
-----------------------------------
0	0
0	0
-----------------------------------
0	0
0	0
-----------------------------------
0	0
0	0
0	1
0	1
-----------------------------------
-3	-3.01367e-05	3.01367e-05
0.000294453	-0.000294453
-----------------------------------
0	1

0	0
0	0
-----------------------------------
0	0
0	0
-----------------------------------
0	0
0	0
-----------------------------------
0	0
0	0
0	1
0	1
-----------------------------------
-3	-3.51367e-05	3.51367e-05
0.000289453	-0.000289453
-----------------------------------
0	1

0	0
0	0
-----------------------------------
0	0
0	0
-----------------------------------
0	0
0	0
-----------------------------------
0	0
0	0
0	1
0	1
-----------------------------------
-3	-4.01367e-05	4.01367e-05
0.000284453	-0.000284453
-----------------------------------
0	1

0	0
0	0
-----------------------------------
0	0
0	0
-----------------------------------
0	0
0	0
-----------------------------------
0	0
0	0
0	1
0	1
-----------------------------------
-3	-4.51367e-05	4.51367e-05
0.000279453	-0.000279453
-----------------------------------
0	1

0	0
0	0
-----------------------------------
0	0
0	0
-----------------------------------
0	0
0	0
-----------------------------------
0	0
0	0
0	1
0	1
-----------------------------------
-3	-5.01367e-05	5.01367e-05
0.000274453	-0.000274453
-----------------------------------
0	1

0	0
0	0
-----------------------------------
0	0
0	0
-----------------------------------
0	0
0	0
-----------------------------------
0	0
0	0
0	1
0	1
-----------------------------------
-3	-5.51367e-05	5.51367e-05
0.000269453	-0.000269453
-----------------------------------
0	1

0	0
0	0
-----------------------------------
0	0
0	0
-----------------------------------
0	0
0	0
-----------------------------------
0	0
0	0
0	1
0	1
-----------------------------------
-3	-6.01367e-05	6.01367e-05
0.000264453	-0.000264453
-----------------------------------
0	1

0	0
0	0
-----------------------------------
0	0
0	0
-----------------------------------
0	0
0	0
-----------------------------------
0	0
0	0
0	1
0	1
-----------------------------------
-3	-6.51367e-05	6.51367e-05
0.000259453	-0.000259453
-----------------------------------
0	1

0	0
0	0
-----------------------------------
0	0
0	0
-----------------------------------
0	0
0	0
-----------------------------------
0	0
0	0
0	1
0	1
-----------------------------------
-3	-7.01367e-05	7.01367e-05
0.000254453	-0.000254453
-----------------------------------
0	1

0	0
0	0
-----------------------------------
0	0
0	0
-----------------------------------
0	0
0	0
-----------------------------------
0	0
0	0
0	1
0	1
-----------------------------------
-3	-7.51367e-05	7.51367e-05
0.000249453	-0.000249453
-----------------------------------
0	1

0	0
0	0
-----------------------------------
0	0
0	0
-----------------------------------
0	0
0	0
-----------------------------------
0	0
0	0
0	1
0	1
-----------------------------------
-3	-8.01367e-05	8.01367e-05
0.000244453	-0.000244453
-----------------------------------
0	1

0	0
0	0
-----------------------------------
0	0
0	0
-----------------------------------
0	0
0	0
-----------------------------------
0	0
0	0
0	1
0	1
-----------------------------------
-3	-8.51367e-05	8.51367e-05
0.000239453	-0.000239453
-----------------------------------
0	1

0	0
0	0
-----------------------------------
0	0
0	0
-----------------------------------
0	0
0	0
-----------------------------------
0	0
0	0
0	1
0	1
-----------------------------------
-3	-9.01367e-05	9.01367e-05
0.000234453	-0.000234453
-----------------------------------
0	1

0	0
0	0
-----------------------------------
0	0
0	0
-----------------------------------
0	0
0	0
-----------------------------------
0	0
0	0
0	1
0	1
-----------------------------------
-3	-9.51367e-05	9.51367e-05
0.000229453	-0.000229453
-----------------------------------
0	1

0	0
0	0
-----------------------------------
0	0
0	0
-----------------------------------
0	0
0	0
-----------------------------------
0	0
0	0
0	1
0	1
-----------------------------------
-3	-0.000100137	0.000100137
0.000224453	-0.000224453
-----------------------------------
0	1

0	0
0	0
-----------------------------------
0	0
0	0
-----------------------------------
0	0
0	0
-----------------------------------
0	0
0	0
0	1
0	1
-----------------------------------
-3	-0.000105137	0.000105137
0.000219453	-0.000219453
-----------------------------------
0	0

0	0
0	0
-----------------------------------
0	0
0	0
-----------------------------------
0	0
0	0
-----------------------------------
0	0
0	0
0	0
0	1
-----------------------------------
-1	0.00010959	-0.00010959
0.000214453	-0.000214453
-----------------------------------
0	0

0	0
0	0
-----------------------------------
0	0
0	0
-----------------------------------
0	0
0	0
-----------------------------------
0	0
0	0
0	0
0	1
-----------------------------------
-1	0.00010459	-0.00010459
0.000209453	-0.000209453
-----------------------------------
0	0

0	0
0	0
-----------------------------------
0	0
0	0
-----------------------------------
0	0
0	0
-----------------------------------
0	0
0	0
0	0
0	1
-----------------------------------
-1	9.95898e-05	-9.95898e-05
0.000204453	-0.000204453
-----------------------------------
0	0

0	0
0	0
-----------------------------------
0	0
0	0
-----------------------------------
0	0
0	0
-----------------------------------
0	0
0	0
0	0
0	1
-----------------------------------
-1	9.45898e-05	-9.45898e-05
0.000199453	-0.000199453
-----------------------------------
0	0

0	0
0	0
-----------------------------------
0	0
0	0
-----------------------------------
0	0
0	0
-----------------------------------
0	0
0	0
0	0
0	1
-----------------------------------
-1	8.95898e-05	-8.95898e-05
0.000194453	-0.000194453
-----------------------------------
0	0

0	0
0	0
-----------------------------------
0	0
0	0
-----------------------------------
0	0
0	0
-----------------------------------
0	0
0	0
0	0
0	1
-----------------------------------
-1	8.45898e-05	-8.45898e-05
0.000189453	-0.000189453
-----------------------------------
0	0

0	0
0	0
-----------------------------------
0	0
0	0
-----------------------------------
0	0
0	0
-----------------------------------
0	0
0	0
0	0
0	1
-----------------------------------
-1	7.95898e-05	-7.95898e-05
0.000184453	-0.000184453
-----------------------------------
0	0

0	0
0	0
-----------------------------------
0	0
0	0
-----------------------------------
0	0
0	0
-----------------------------------
0	0
0	0
0	0
0	1
-----------------------------------
-1	7.45898e-05	-7.45898e-05
0.000179453	-0.000179453
-----------------------------------
0	0

0	0
0	0
-----------------------------------
0	0
0	0
-----------------------------------
0	0
0	0
-----------------------------------
0	0
0	0
0	0
0	1
-----------------------------------
-1	6.95898e-05	-6.95898e-05
0.000174453	-0.000174453
-----------------------------------
0	0

0	0
0	0
-----------------------------------
0	0
0	0
-----------------------------------
0	0
0	0
-----------------------------------
0	0
0	0
0	0
0	1
-----------------------------------
-1	6.45898e-05	-6.45898e-05
0.000169453	-0.000169453
-----------------------------------
0	0

0	0
0	0
-----------------------------------
0	0
0	0
-----------------------------------
0	0
0	0
-----------------------------------
0	0
0	0
0	0
0	1
-----------------------------------
-1	5.95898e-05	-5.95898e-05
0.000164453	-0.000164453
-----------------------------------
0	0

0	0
0	0
-----------------------------------
0	0
0	0
-----------------------------------
0	0
0	0
-----------------------------------
0	0
0	0
0	0
0	1
-----------------------------------
-1	5.45898e-05	-5.45898e-05
0.000159453	-0.000159453
-----------------------------------
0	0

0	0
0	0
-----------------------------------
0	0
0	0
-----------------------------------
0	0
0	0
-----------------------------------
0	0
0	0
0	0
0	1
-----------------------------------
-1	4.95898e-05	-4.95898e-05
0.000154453	-0.000154453
-----------------------------------
0	0

0	0
0	0
-----------------------------------
0	0
0	0
-----------------------------------
0	0
0	0
-----------------------------------
0	0
0	0
0	0
0	1
-----------------------------------
-1	4.45898e-05	-4.45898e-05
0.000149453	-0.000149453
-----------------------------------
0	0

0	0
0	0
-----------------------------------
0	0
0	0
-----------------------------------
0	0
0	0
-----------------------------------
0	0
0	0
0	0
0	1
-----------------------------------
-1	3.95898e-05	-3.95898e-05
0.000144453	-0.000144453
-----------------------------------
0	0

0	0
0	0
-----------------------------------
0	0
0	0
-----------------------------------
0	0
0	0
-----------------------------------
0	0
0	0
0	0
0	1
-----------------------------------
-1	3.45898e-05	-3.45898e-05
0.000139453	-0.000139453
-----------------------------------
0	0

0	0
0	0
-----------------------------------
0	0
0	0
-----------------------------------
0	0
0	0
-----------------------------------
0	0
0	0
0	0
0	1
-----------------------------------
-1	2.95898e-05	-2.95898e-05
0.000134453	-0.000134453
-----------------------------------
0	0

0	0
0	0
-----------------------------------
0	0
0	0
-----------------------------------
0	0
0	0
-----------------------------------
0	0
0	0
0	0
0	1
-----------------------------------
-1	2.45898e-05	-2.45898e-05
0.000129453	-0.000129453
-----------------------------------
0	0

0	0
0	0
-----------------------------------
0	0
0	0
-----------------------------------
0	0
0	0
-----------------------------------
0	0
0	0
0	0
0	1
-----------------------------------
-1	1.95898e-05	-1.95898e-05
0.000124453	-0.000124453
-----------------------------------
0	0

0	0
0	0
-----------------------------------
0	0
0	0
-----------------------------------
0	0
0	0
-----------------------------------
0	0
0	0
0	0
0	1
-----------------------------------
-1	1.45898e-05	-1.45898e-05
0.000119453	-0.000119453
-----------------------------------
0	0

0	0
0	0
-----------------------------------
0	0
0	0
-----------------------------------
0	0
0	0
-----------------------------------
0	0
0	0
0	0
0	1
-----------------------------------
-1	9.58984e-06	-9.58984e-06
0.000114453	-0.000114453
-----------------------------------
0	0

0	0
0	0
-----------------------------------
0	0
0	0
-----------------------------------
0	0
0	0
-----------------------------------
0	0
0	0
0	0
0	1
-----------------------------------
-1	4.58984e-06	-4.58984e-06
0.000109453	-0.000109453
-----------------------------------
0	0

0	0
0	0
-----------------------------------
0	0
0	0
-----------------------------------
0	0
0	0
-----------------------------------
0	0
0	0
0	0
0	1
-----------------------------------
-1	-4.10156e-07	4.10156e-07
0.000104453	-0.000104453
-----------------------------------
0	0

0	0
0	0
-----------------------------------
0	0
0	0
-----------------------------------
0	0
0	0
-----------------------------------
0	0
0	0
0	0
0	1
-----------------------------------
-1	-5.41016e-06	5.41016e-06
9.94531e-05	-9.94531e-05
-----------------------------------
0	0

0	0
0	0
-----------------------------------
0	0
0	0
-----------------------------------
0	0
0	0
-----------------------------------
0	0
0	0
0	0
0	1
-----------------------------------
-1	-1.04102e-05	1.04102e-05
9.44531e-05	-9.44531e-05
-----------------------------------
0	0

0	0
0	0
-----------------------------------
0	0
0	0
-----------------------------------
0	0
0	0
-----------------------------------
0	0
0	0
0	0
0	1
-----------------------------------
-1	-1.54102e-05	1.54102e-05
8.94531e-05	-8.94531e-05
-----------------------------------
0	0

0	0
0	0
-----------------------------------
0	0
0	0
-----------------------------------
0	0
0	0
-----------------------------------
0	0
0	0
0	0
0	1
-----------------------------------
-1	-2.04102e-05	2.04102e-05
8.44531e-05	-8.44531e-05
-----------------------------------
0	0

0	0
0	0
-----------------------------------
0	0
0	0
-----------------------------------
0	0
0	0
-----------------------------------
0	0
0	0
0	0
0	1
-----------------------------------
-1	-2.54102e-05	2.54102e-05
7.94531e-05	-7.94531e-05
-----------------------------------
0	0

0	0
0	0
-----------------------------------
0	0
0	0
-----------------------------------
0	0
0	0
-----------------------------------
0	0
0	0
0	0
0	1
-----------------------------------
-1	-3.04102e-05	3.04102e-05
7.44531e-05	-7.44531e-05
-----------------------------------
0	0

0	0
0	0
-----------------------------------
0	0
0	0
-----------------------------------
0	0
0	0
-----------------------------------
0	0
0	0
0	0
0	1
-----------------------------------
-1	-3.54102e-05	3.54102e-05
6.94531e-05	-6.94531e-05
-----------------------------------
0	0

0	0
0	0
-----------------------------------
0	0
0	0
-----------------------------------
0	0
0	0
-----------------------------------
0	0
0	0
0	0
0	1
-----------------------------------
-1	-4.04102e-05	4.04102e-05
6.44531e-05	-6.44531e-05
-----------------------------------
0	0

0	0
0	0
-----------------------------------
0	0
0	0
-----------------------------------
0	0
0	0
-----------------------------------
0	0
0	0
0	0
0	1
-----------------------------------
-1	-4.54102e-05	4.54102e-05
5.94531e-05	-5.94531e-05
-----------------------------------
0	0

0	0
0	0
-----------------------------------
0	0
0	0
-----------------------------------
0	0
0	0
-----------------------------------
0	0
0	0
0	0
0	1
-----------------------------------
-1	-5.04102e-05	5.04102e-05
5.44531e-05	-5.44531e-05
-----------------------------------
0	0

0	0
0	0
-----------------------------------
0	0
0	0
-----------------------------------
0	0
0	0
-----------------------------------
0	0
0	0
0	0
0	1
-----------------------------------
-1	-5.54102e-05	5.54102e-05
4.94531e-05	-4.94531e-05
-----------------------------------
0	0

0	0
0	0
-----------------------------------
0	0
0	0
-----------------------------------
0	0
0	0
-----------------------------------
0	0
0	0
0	0
0	1
-----------------------------------
-1	-6.04102e-05	6.04102e-05
4.44531e-05	-4.44531e-05
-----------------------------------
0	0

0	0
0	0
-----------------------------------
0	0
0	0
-----------------------------------
0	0
0	0
-----------------------------------
0	0
0	0
0	0
0	1
-----------------------------------
-1	-6.54102e-05	6.54102e-05
3.94531e-05	-3.94531e-05
-----------------------------------
0	0

0	0
0	0
-----------------------------------
0	0
0	0
-----------------------------------
0	0
0	0
-----------------------------------
0	0
0	0
0	0
0	1
-----------------------------------
-1	-7.04102e-05	7.04102e-05
3.44531e-05	-3.44531e-05
-----------------------------------
0	0

0	0
0	0
-----------------------------------
0	0
0	0
-----------------------------------
0	0
0	0
-----------------------------------
0	0
0	0
0	0
0	1
-----------------------------------
-1	-7.54102e-05	7.54102e-05
2.94531e-05	-2.94531e-05
-----------------------------------
0	0

0	0
0	0
-----------------------------------
0	0
0	0
-----------------------------------
0	0
0	0
-----------------------------------
0	0
0	0
0	0
0	1
-----------------------------------
-1	-8.04102e-05	8.04102e-05
2.44531e-05	-2.44531e-05
-----------------------------------
0	0

0	0
0	0
-----------------------------------
0	0
0	0
-----------------------------------
0	0
0	0
-----------------------------------
0	0
0	0
0	0
0	1
-----------------------------------
-1	-8.54102e-05	8.54102e-05
1.94531e-05	-1.94531e-05
-----------------------------------
0	0

0	0
0	0
-----------------------------------
0	0
0	0
-----------------------------------
0	0
0	0
-----------------------------------
0	0
0	0
0	0
0	1
-----------------------------------
-1	-9.04102e-05	9.04102e-05
1.44531e-05	-1.44531e-05
-----------------------------------
0	0

0	0
0	0
-----------------------------------
0	0
0	0
-----------------------------------
0	0
0	0
-----------------------------------
0	0
0	0
0	0
0	1
-----------------------------------
-1	-9.54102e-05	9.54102e-05
9.45313e-06	-9.45313e-06
-----------------------------------
0	0

0	0
0	0
-----------------------------------
0	0
0	0
-----------------------------------
0	0
0	0
-----------------------------------
0	0
0	0
0	0
0	1
-----------------------------------
-1	-0.00010041	0.00010041
4.45313e-06	-4.45313e-06
-----------------------------------
0	0

0	0
0	0
-----------------------------------
0	0
0	0
-----------------------------------
0	0
0	0
-----------------------------------
0	0
0	0
0	0
0	1
-----------------------------------
-1	-0.00010541	0.00010541
-5.46875e-07	5.46875e-07
-----------------------------------
0	0

0	0
0	0
-----------------------------------
0	0
0	0
-----------------------------------
0	0
0	0
-----------------------------------
0	0
0	0
0	0
1	0
-----------------------------------
1	0.000109316	-0.000109316
-5.54687e-06	5.54687e-06
-----------------------------------
0	0

0	0
0	0
-----------------------------------
0	0
0	0
-----------------------------------
0	0
0	0
-----------------------------------
0	0
0	0
0	0
1	0
-----------------------------------
1	0.000104316	-0.000104316
-1.05469e-05	1.05469e-05
-----------------------------------
0	0

0	0
0	0
-----------------------------------
0	0
0	0
-----------------------------------
0	0
0	0
-----------------------------------
0	0
0	0
0	0
1	0
-----------------------------------
1	9.93164e-05	-9.93164e-05
-1.55469e-05	1.55469e-05
-----------------------------------
0	0

0	0
0	0
-----------------------------------
0	0
0	0
-----------------------------------
0	0
0	0
-----------------------------------
0	0
0	0
0	0
1	0
-----------------------------------
1	9.43164e-05	-9.43164e-05
-2.05469e-05	2.05469e-05
-----------------------------------
0	0

0	0
0	0
-----------------------------------
0	0
0	0
-----------------------------------
0	0
0	0
-----------------------------------
0	0
0	0
0	0
1	0
-----------------------------------
1	8.93164e-05	-8.93164e-05
-2.55469e-05	2.55469e-05
-----------------------------------
0	0

0	0
0	0
-----------------------------------
0	0
0	0
-----------------------------------
0	0
0	0
-----------------------------------
0	0
0	0
0	0
1	0
-----------------------------------
1	8.43164e-05	-8.43164e-05
-3.05469e-05	3.05469e-05
-----------------------------------
0	0

0	0
0	0
-----------------------------------
0	0
0	0
-----------------------------------
0	0
0	0
-----------------------------------
0	0
0	0
0	0
1	0
-----------------------------------
1	7.93164e-05	-7.93164e-05
-3.55469e-05	3.55469e-05
-----------------------------------
0	0

0	0
0	0
-----------------------------------
0	0
0	0
-----------------------------------
0	0
0	0
-----------------------------------
0	0
0	0
0	0
1	0
-----------------------------------
1	7.43164e-05	-7.43164e-05
-4.05469e-05	4.05469e-05
-----------------------------------
0	0

0	0
0	0
-----------------------------------
0	0
0	0
-----------------------------------
0	0
0	0
-----------------------------------
0	0
0	0
0	0
1	0
-----------------------------------
1	6.93164e-05	-6.93164e-05
-4.55469e-05	4.55469e-05
-----------------------------------
0	0

0	0
0	0
-----------------------------------
0	0
0	0
-----------------------------------
0	0
0	0
-----------------------------------
0	0
0	0
0	0
1	0
-----------------------------------
1	6.43164e-05	-6.43164e-05
-5.05469e-05	5.05469e-05
-----------------------------------
0	0

0	0
0	0
-----------------------------------
0	0
0	0
-----------------------------------
0	0
0	0
-----------------------------------
0	0
0	0
0	0
1	0
-----------------------------------
1	5.93164e-05	-5.93164e-05
-5.55469e-05	5.55469e-05
-----------------------------------
0	0

0	0
0	0
-----------------------------------
0	0
0	0
-----------------------------------
0	0
0	0
-----------------------------------
0	0
0	0
0	0
1	0
-----------------------------------
1	5.43164e-05	-5.43164e-05
-6.05469e-05	6.05469e-05
-----------------------------------
0	0

0	0
0	0
-----------------------------------
0	0
0	0
-----------------------------------
0	0
0	0
-----------------------------------
0	0
0	0
0	0
1	0
-----------------------------------
1	4.93164e-05	-4.93164e-05
-6.55469e-05	6.55469e-05
-----------------------------------
0	0

0	0
0	0
-----------------------------------
0	0
0	0
-----------------------------------
0	0
0	0
-----------------------------------
0	0
0	0
0	0
1	0
-----------------------------------
1	4.43164e-05	-4.43164e-05
-7.05469e-05	7.05469e-05
-----------------------------------
0	0

0	0
0	0
-----------------------------------
0	0
0	0
-----------------------------------
0	0
0	0
-----------------------------------
0	0
0	0
0	0
1	0
-----------------------------------
1	3.93164e-05	-3.93164e-05
-7.55469e-05	7.55469e-05
-----------------------------------
0	0

0	0
0	0
-----------------------------------
0	0
0	0
-----------------------------------
0	0
0	0
-----------------------------------
0	0
0	0
0	0
1	0
-----------------------------------
1	3.43164e-05	-3.43164e-05
-8.05469e-05	8.05469e-05
-----------------------------------
0	0

0	0
0	0
-----------------------------------
0	0
0	0
-----------------------------------
0	0
0	0
-----------------------------------
0	0
0	0
0	0
1	0
-----------------------------------
1	2.93164e-05	-2.93164e-05
-8.55469e-05	8.55469e-05
-----------------------------------
0	0

0	0
0	0
-----------------------------------
0	0
0	0
-----------------------------------
0	0
0	0
-----------------------------------
0	0
0	0
0	0
1	0
-----------------------------------
1	2.43164e-05	-2.43164e-05
-9.05469e-05	9.05469e-05
-----------------------------------
0	0

0	0
0	0
-----------------------------------
0	0
0	0
-----------------------------------
0	0
0	0
-----------------------------------
0	0
0	0
0	0
1	0
-----------------------------------
1	1.93164e-05	-1.93164e-05
-9.55469e-05	9.55469e-05
-----------------------------------
0	0

0	0
0	0
-----------------------------------
0	0
0	0
-----------------------------------
0	0
0	0
-----------------------------------
0	0
0	0
0	0
1	0
-----------------------------------
1	1.43164e-05	-1.43164e-05
-0.000100547	0.000100547
-----------------------------------
0	0

0	0
0	0
-----------------------------------
0	0
0	0
-----------------------------------
0	0
0	0
-----------------------------------
0	0
0	0
0	0
1	0
-----------------------------------
1	9.31641e-06	-9.31641e-06
-0.000105547	0.000105547
-----------------------------------
0	0

0	0
0	0
-----------------------------------
0	0
0	0
-----------------------------------
0	0
0	0
-----------------------------------
0	0
0	0
0	0
1	0
-----------------------------------
1	4.31641e-06	-4.31641e-06
-0.000110547	0.000110547
-----------------------------------
0	0

0	0
0	0
-----------------------------------
0	0
0	0
-----------------------------------
0	0
0	0
-----------------------------------
0	0
0	0
0	0
1	0
-----------------------------------
1	-6.83594e-07	6.83594e-07
-0.000115547	0.000115547
-----------------------------------
0	0

0	0
0	0
-----------------------------------
0	0
0	0
-----------------------------------
0	0
0	0
-----------------------------------
0	0
0	0
0	0
1	0
-----------------------------------
1	-5.68359e-06	5.68359e-06
-0.000120547	0.000120547
-----------------------------------
0	0

0	0
0	0
-----------------------------------
0	0
0	0
-----------------------------------
0	0
0	0
-----------------------------------
0	0
0	0
0	0
1	0
-----------------------------------
1	-1.06836e-05	1.06836e-05
-0.000125547	0.000125547
-----------------------------------
0	0

0	0
0	0
-----------------------------------
0	0
0	0
-----------------------------------
0	0
0	0
-----------------------------------
0	0
0	0
0	0
1	0
-----------------------------------
1	-1.56836e-05	1.56836e-05
-0.000130547	0.000130547
-----------------------------------
0	0

0	0
0	0
-----------------------------------
0	0
0	0
-----------------------------------
0	0
0	0
-----------------------------------
0	0
0	0
0	0
1	0
-----------------------------------
1	-2.06836e-05	2.06836e-05
-0.000135547	0.000135547
-----------------------------------
0	0

0	0
0	0
-----------------------------------
0	0
0	0
-----------------------------------
0	0
0	0
-----------------------------------
0	0
0	0
0	0
1	0
-----------------------------------
1	-2.56836e-05	2.56836e-05
-0.000140547	0.000140547
-----------------------------------
0	0

0	0
0	0
-----------------------------------
0	0
0	0
-----------------------------------
0	0
0	0
-----------------------------------
0	0
0	0
0	0
1	0
-----------------------------------
1	-3.06836e-05	3.06836e-05
-0.000145547	0.000145547
-----------------------------------
0	0

0	0
0	0
-----------------------------------
0	0
0	0
-----------------------------------
0	0
0	0
-----------------------------------
0	0
0	0
0	0
1	0
-----------------------------------
1	-3.56836e-05	3.56836e-05
-0.000150547	0.000150547
-----------------------------------
0	0

0	0
0	0
-----------------------------------
0	0
0	0
-----------------------------------
0	0
0	0
-----------------------------------
0	0
0	0
0	0
1	0
-----------------------------------
1	-4.06836e-05	4.06836e-05
-0.000155547	0.000155547
-----------------------------------
0	0

0	0
0	0
-----------------------------------
0	0
0	0
-----------------------------------
0	0
0	0
-----------------------------------
0	0
0	0
0	0
1	0
-----------------------------------
1	-4.56836e-05	4.56836e-05
-0.000160547	0.000160547
-----------------------------------
0	0

0	0
0	0
-----------------------------------
0	0
0	0
-----------------------------------
0	0
0	0
-----------------------------------
0	0
0	0
0	0
1	0
-----------------------------------
1	-5.06836e-05	5.06836e-05
-0.000165547	0.000165547
-----------------------------------
0	0

0	0
0	0
-----------------------------------
0	0
0	0
-----------------------------------
0	0
0	0
-----------------------------------
0	0
0	0
0	0
1	0
-----------------------------------
1	-5.56836e-05	5.56836e-05
-0.000170547	0.000170547
-----------------------------------
0	0

0	0
0	0
-----------------------------------
0	0
0	0
-----------------------------------
0	0
0	0
-----------------------------------
0	0
0	0
0	0
1	0
-----------------------------------
1	-6.06836e-05	6.06836e-05
-0.000175547	0.000175547
-----------------------------------
0	0

0	0
0	0
-----------------------------------
0	0
0	0
-----------------------------------
0	0
0	0
-----------------------------------
0	0
0	0
0	0
1	0
-----------------------------------
1	-6.56836e-05	6.56836e-05
-0.000180547	0.000180547
-----------------------------------
0	0

0	0
0	0
-----------------------------------
0	0
0	0
-----------------------------------
0	0
0	0
-----------------------------------
0	0
0	0
0	0
1	0
-----------------------------------
1	-7.06836e-05	7.06836e-05
-0.000185547	0.000185547
-----------------------------------
0	0

0	0
0	0
-----------------------------------
0	0
0	0
-----------------------------------
0	0
0	0
-----------------------------------
0	0
0	0
0	0
1	0
-----------------------------------
1	-7.56836e-05	7.56836e-05
-0.000190547	0.000190547
-----------------------------------
0	0

0	0
0	0
-----------------------------------
0	0
0	0
-----------------------------------
0	0
0	0
-----------------------------------
0	0
0	0
0	0
1	0
-----------------------------------
1	-8.06836e-05	8.06836e-05
-0.000195547	0.000195547
-----------------------------------
0	0

0	0
0	0
-----------------------------------
0	0
0	0
-----------------------------------
0	0
0	0
-----------------------------------
0	0
0	0
0	0
1	0
-----------------------------------
1	-8.56836e-05	8.56836e-05
-0.000200547	0.000200547
-----------------------------------
0	0

0	0
0	0
-----------------------------------
0	0
0	0
-----------------------------------
0	0
0	0
-----------------------------------
0	0
0	0
0	0
1	0
-----------------------------------
1	-9.06836e-05	9.06836e-05
-0.000205547	0.000205547
-----------------------------------
0	0

0	0
0	0
-----------------------------------
0	0
0	0
-----------------------------------
0	0
0	0
-----------------------------------
0	0
0	0
0	0
1	0
-----------------------------------
1	-9.56836e-05	9.56836e-05
-0.000210547	0.000210547
-----------------------------------
0	0

0	0
0	0
-----------------------------------
0	0
0	0
-----------------------------------
0	0
0	0
-----------------------------------
0	0
0	0
0	0
1	0
-----------------------------------
1	-0.000100684	0.000100684
-0.000215547	0.000215547
-----------------------------------
0	0

0	0
0	0
-----------------------------------
0	0
0	0
-----------------------------------
0	0
0	0
-----------------------------------
0	0
0	0
0	0
1	0
-----------------------------------
1	-0.000105684	0.000105684
-0.000220547	0.000220547
-----------------------------------
1	0

1	1
0	1
-----------------------------------
0	0
0	0
-----------------------------------
0	0
0	0
-----------------------------------
0	0
0	0
1	0
1	0
-----------------------------------
3	0.000109043	-0.000109043
-0.000225547	0.000225547
-----------------------------------
1	0

1	1
0	1
-----------------------------------
0	0
0	0
-----------------------------------
0	0
0	0
-----------------------------------
0	0
0	0
1	0
1	0
-----------------------------------
3	0.000104043	-0.000104043
-0.000230547	0.000230547
-----------------------------------
1	0

1	1
0	1
-----------------------------------
0	0
0	0
-----------------------------------
0	0
0	0
-----------------------------------
0	0
0	0
1	0
1	0
-----------------------------------
3	9.9043e-05	-9.9043e-05
-0.000235547	0.000235547
-----------------------------------
1	0

1	1
0	1
-----------------------------------
0	0
0	0
-----------------------------------
0	0
0	0
-----------------------------------
0	0
0	0
1	0
1	0
-----------------------------------
3	9.4043e-05	-9.4043e-05
-0.000240547	0.000240547
-----------------------------------
1	0

1	1
0	1
-----------------------------------
0	0
0	0
-----------------------------------
0	0
0	0
-----------------------------------
0	0
0	0
1	0
1	0
-----------------------------------
3	8.9043e-05	-8.9043e-05
-0.000245547	0.000245547
-----------------------------------
1	0

1	1
0	1
-----------------------------------
0	0
0	0
-----------------------------------
0	0
0	0
-----------------------------------
0	0
0	0
1	0
1	0
-----------------------------------
3	8.4043e-05	-8.4043e-05
-0.000250547	0.000250547
-----------------------------------
1	0

1	1
0	1
-----------------------------------
0	0
0	0
-----------------------------------
0	0
0	0
-----------------------------------
0	0
0	0
1	0
1	0
-----------------------------------
3	7.9043e-05	-7.9043e-05
-0.000255547	0.000255547
-----------------------------------
1	0

1	1
0	1
-----------------------------------
0	0
0	0
-----------------------------------
0	0
0	0
-----------------------------------
0	0
0	0
1	0
1	0
-----------------------------------
3	7.4043e-05	-7.4043e-05
-0.000260547	0.000260547
-----------------------------------
1	0

1	1
0	1
-----------------------------------
0	0
0	0
-----------------------------------
0	0
0	0
-----------------------------------
0	0
0	0
1	0
1	0
-----------------------------------
3	6.9043e-05	-6.9043e-05
-0.000265547	0.000265547
-----------------------------------
1	0

1	1
0	1
-----------------------------------
0	0
0	0
-----------------------------------
0	0
0	0
-----------------------------------
0	0
0	0
1	0
1	0
-----------------------------------
3	6.4043e-05	-6.4043e-05
-0.000270547	0.000270547
-----------------------------------
1	0

1	1
0	1
-----------------------------------
0	0
0	0
-----------------------------------
0	0
0	0
-----------------------------------
0	0
0	0
1	0
1	0
-----------------------------------
3	5.9043e-05	-5.9043e-05
-0.000275547	0.000275547
-----------------------------------
1	0

1	1
0	1
-----------------------------------
0	0
0	0
-----------------------------------
0	0
0	0
-----------------------------------
0	0
0	0
1	0
1	0
-----------------------------------
3	5.4043e-05	-5.4043e-05
-0.000280547	0.000280547
-----------------------------------
1	0

1	1
0	1
-----------------------------------
0	0
0	0
-----------------------------------
0	0
0	0
-----------------------------------
0	0
0	0
1	0
1	0
-----------------------------------
3	4.9043e-05	-4.9043e-05
-0.000285547	0.000285547
-----------------------------------
1	0

1	1
0	1
-----------------------------------
0	0
0	0
-----------------------------------
0	0
0	0
-----------------------------------
0	0
0	0
1	0
1	0
-----------------------------------
3	4.4043e-05	-4.4043e-05
-0.000290547	0.000290547
-----------------------------------
1	0

1	1
0	1
-----------------------------------
0	0
0	0
-----------------------------------
0	0
0	0
-----------------------------------
0	0
0	0
1	0
1	0
-----------------------------------
3	3.9043e-05	-3.9043e-05
-0.000295547	0.000295547
-----------------------------------
1	0

1	1
0	1
-----------------------------------
0	0
0	0
-----------------------------------
0	0
0	0
-----------------------------------
0	0
0	0
1	0
1	0
-----------------------------------
3	3.4043e-05	-3.4043e-05
-0.000300547	0.000300547
-----------------------------------
1	0

1	1
0	1
-----------------------------------
0	0
0	0
-----------------------------------
0	0
0	0
-----------------------------------
0	0
0	0
1	0
1	0
-----------------------------------
3	2.9043e-05	-2.9043e-05
-0.000305547	0.000305547
-----------------------------------
1	0

1	1
0	1
-----------------------------------
0	0
0	0
-----------------------------------
0	0
0	0
-----------------------------------
0	0
0	0
1	0
1	0
-----------------------------------
3	2.4043e-05	-2.4043e-05
-0.000310547	0.000310547
-----------------------------------
1	0

1	1
0	1
-----------------------------------
0	0
0	0
-----------------------------------
0	0
0	0
-----------------------------------
0	0
0	0
1	0
1	0
-----------------------------------
3	1.9043e-05	-1.9043e-05
-0.000315547	0.000315547
-----------------------------------
1	0

1	1
0	1
-----------------------------------
0	0
0	0
-----------------------------------
0	0
0	0
-----------------------------------
0	0
0	0
1	0
1	0
-----------------------------------
3	1.4043e-05	-1.4043e-05
-0.000320547	0.000320547
-----------------------------------
1	0

1	1
0	1
-----------------------------------
0	0
0	0
-----------------------------------
0	0
0	0
-----------------------------------
0	0
0	0
1	0
1	0
-----------------------------------
3	9.04297e-06	-9.04297e-06
-0.000325547	0.000325547
-----------------------------------
1	0

1	1
0	1
-----------------------------------
0	0
0	0
-----------------------------------
0	0
0	0
-----------------------------------
0	0
0	0
1	0
1	0
-----------------------------------
3	4.04297e-06	-4.04297e-06
-0.000330547	0.000330547
-----------------------------------
1	0

1	1
0	1
-----------------------------------
0	0
0	0
-----------------------------------
0	0
0	0
-----------------------------------
0	0
0	0
1	0
1	0
-----------------------------------
3	-9.57031e-07	9.57031e-07
-0.000335547	0.000335547
-----------------------------------
1	0

1	1
0	1
-----------------------------------
0	0
0	0
-----------------------------------
0	0
0	0
-----------------------------------
0	0
0	0
1	0
1	0
-----------------------------------
3	-5.95703e-06	5.95703e-06
-0.000340547	0.000340547
-----------------------------------
1	0

1	1
0	1
-----------------------------------
0	0
0	0
-----------------------------------
0	0
0	0
-----------------------------------
0	0
0	0
1	0
1	0
-----------------------------------
3	-1.0957e-05	1.0957e-05
-0.000345547	0.000345547
-----------------------------------
1	0

1	1
0	1
-----------------------------------
0	0
0	0
-----------------------------------
0	0
0	0
-----------------------------------
0	0
0	0
1	0
1	0
-----------------------------------
3	-1.5957e-05	1.5957e-05
-0.000350547	0.000350547
-----------------------------------
1	0

1	1
0	1
-----------------------------------
0	0
0	0
-----------------------------------
0	0
0	0
-----------------------------------
0	0
0	0
1	0
1	0
-----------------------------------
3	-2.0957e-05	2.0957e-05
-0.000355547	0.000355547
-----------------------------------
1	0

1	1
0	1
-----------------------------------
0	0
0	0
-----------------------------------
0	0
0	0
-----------------------------------
0	0
0	0
1	0
1	0
-----------------------------------
3	-2.5957e-05	2.5957e-05
-0.000360547	0.000360547
-----------------------------------
1	0

1	1
0	1
-----------------------------------
0	0
0	0
-----------------------------------
0	0
0	0
-----------------------------------
0	0
0	0
1	0
1	0
-----------------------------------
3	-3.0957e-05	3.0957e-05
-0.000365547	0.000365547
-----------------------------------
1	0

1	1
0	1
-----------------------------------
0	0
0	0
-----------------------------------
0	0
0	0
-----------------------------------
0	0
0	0
1	0
1	0
-----------------------------------
3	-3.5957e-05	3.5957e-05
-0.000370547	0.000370547
-----------------------------------
1	0

1	1
0	1
-----------------------------------
0	0
0	0
-----------------------------------
0	0
0	0
-----------------------------------
0	0
0	0
1	0
1	0
-----------------------------------
3	-4.0957e-05	4.0957e-05
-0.000375547	0.000375547
-----------------------------------
1	0

1	1
0	1
-----------------------------------
0	0
0	0
-----------------------------------
0	0
0	0
-----------------------------------
0	0
0	0
1	0
1	0
-----------------------------------
3	-4.5957e-05	4.5957e-05
-0.000380547	0.000380547
-----------------------------------
1	0

1	1
0	1
-----------------------------------
0	0
0	0
-----------------------------------
0	0
0	0
-----------------------------------
0	0
0	0
1	0
1	0
-----------------------------------
3	-5.0957e-05	5.0957e-05
-0.000385547	0.000385547
-----------------------------------
1	0

1	1
0	1
-----------------------------------
0	0
0	0
-----------------------------------
0	0
0	0
-----------------------------------
0	0
0	0
1	0
1	0
-----------------------------------
3	-5.5957e-05	5.5957e-05
-0.000390547	0.000390547
-----------------------------------
1	0

1	1
0	1
-----------------------------------
0	0
0	0
-----------------------------------
0	0
0	0
-----------------------------------
0	0
0	0
1	0
1	0
-----------------------------------
3	-6.0957e-05	6.0957e-05
-0.000395547	0.000395547
-----------------------------------
1	0

1	1
0	1
-----------------------------------
0	0
0	0
-----------------------------------
0	0
0	0
-----------------------------------
0	0
0	0
1	0
1	0
-----------------------------------
3	-6.5957e-05	6.5957e-05
-0.000400547	0.000400547
-----------------------------------
1	0

1	1
0	1
-----------------------------------
0	0
0	0
-----------------------------------
0	0
0	0
-----------------------------------
0	0
0	0
1	0
1	0
-----------------------------------
3	-7.0957e-05	7.0957e-05
-0.000405547	0.000405547
-----------------------------------
1	0

1	1
0	1
-----------------------------------
0	0
0	0
-----------------------------------
0	0
0	0
-----------------------------------
0	0
0	0
1	0
1	0
-----------------------------------
3	-7.5957e-05	7.5957e-05
-0.000410547	0.000410547
-----------------------------------
1	0

1	1
0	1
-----------------------------------
0	0
0	0
-----------------------------------
0	0
0	0
-----------------------------------
0	0
0	0
1	0
1	0
-----------------------------------
3	-8.0957e-05	8.0957e-05
-0.000415547	0.000415547
-----------------------------------
1	0

1	1
0	1
-----------------------------------
0	0
0	0
-----------------------------------
0	0
0	0
-----------------------------------
0	0
0	0
1	0
1	0
-----------------------------------
3	-8.5957e-05	8.5957e-05
-0.000420547	0.000420547
-----------------------------------
1	0

1	1
0	1
-----------------------------------
0	0
0	0
-----------------------------------
0	0
0	0
-----------------------------------
0	0
0	0
1	0
1	0
-----------------------------------
3	-9.0957e-05	9.0957e-05
-0.000425547	0.000425547
-----------------------------------
1	0

1	1
0	1
-----------------------------------
0	0
0	0
-----------------------------------
0	0
0	0
-----------------------------------
0	0
0	0
1	0
1	0
-----------------------------------
3	-9.5957e-05	9.5957e-05
-0.000430547	0.000430547
-----------------------------------
1	0

1	1
0	1
-----------------------------------
0	0
0	0
-----------------------------------
0	0
0	0
-----------------------------------
0	0
0	0
1	0
1	0
-----------------------------------
3	-0.000100957	0.000100957
-0.000435547	0.000435547
-----------------------------------
1	0

1	1
0	1
-----------------------------------
0	0
0	0
-----------------------------------
0	0
0	0
-----------------------------------
0	0
0	0
1	0
1	0
-----------------------------------
3	-0.000105957	0.000105957
